y
Paulina01
Paulin1
Paulieter
Paulette
Pauleen
Pauleani
Pauleane
Pauleama
Pauleal
Paularuger
Paularian
Paulandrea
Paulaine
Paul_Shark
Paul-Tank
Paul-Berry
Paul!@#1
304341
304334
30432
304319
304309
304308
304299
304297
304269
304257
304253
304244
304243
30424080
304233
304229
304227
304224
30422007
304207
3042011
3042006
3041992
3041988
3041986
3041983
3041977
304194
30418
304177
304168
304157
304155
30414
304134
304129
304126
304122
304114
3041123
304099
304094
304091
304070
30407
304064
304061
304055
304048
304046
304045
304027
30402
304018
30399
303989
303975
303960
303950
303949
303942
303934
303896
303889
303881
303855
30384824
303846
303843
303837
303835
30381
303796
303782
303766
30375
303751
303743
303741
303732
303719
30370
3037008
3036887
303687
303687
303681
303667
303659
303646
303623
303608
303605
303596
303594
3035912
30357s1
21111934
21111931
21111919
21111904
21111328
21111304
2111121
2111121
2111110
21111010
21111008
21110709
21110627
21110422
21110331
21110218
21110212
2111012
2110999
2110998
2110971
2110882
2110880
21108203
2110777
21107612
2110726
21107117
2110602
2110575
2110501
21104002
21104000
21102906
21102711
21102612
21102530
21102521
21102518
21102509
21102506
21102505
21102305
21102111
21102000
2110200
21101990k
21101919
21101916
21101914
21101901
2110102
21100822
21100719
21100612
21100526
21100404
21100301
2110021
21100120
21100001
2110000
210spide
210runner
210rage
210rag
210ke
2109599
2109547
2109511
21094926
21094881
2109430
21094200
2109419
21092607
21092528
21092524
21092202
21092102
2109199
21091924
21091917
21091916
21091915
21091914
21091809
21091609
21091531
21091408
2109121
21091123
2109111012
170adn
1709885
17097
17096169
170955
170953
170952
170948
17092013
1709199
1709198
17091946
17091933
17091926
17091920
17091918
17091916
17091911
1709190013
0300000
03.12.199
###################################
#123$
#11
03196829
03196820
03196816
03196812
03196728
03196724
03196608
03196518
03196410
03196403
03196329
03196315
03196307
03196306
03196224
03196223
03196207
03196204
03196201
03196202
03196123
03196027
03196025
03196019
03196014
03196010
03196004
03196001
03195928
03195920
03195908
03195829
03195828
03195820
03195719
03195716
03195710
03195613
03195611
03195608
03195501
03195421
03195408
03195308
03195203
03195123
03195112
03195109
03195020
03195019
03195017
03195007
03195004
03195001
03194928
03194926
03194917
03194908
03194831
03194729
03194726
03194617
03194615
03194609
03194603
03194527
03194518
03194429
03194423
03194418
03194413
03194412
03194405
03194321
03194217
03194216
03194214
03194208
03194207
03194119
03194105
03194006
03194004
03193926
03193925
03193916
03193822
03193804
03193428
03193425
03193419
03193404
03193326
03193213
03193204
03193126
03193121
03193106
03193103
03193031
03193026
03193022
03193015
03193014
03193007
03193002
03193001
03191990l
031919899
03191966
03191959
03191947
03191942
03191931
03191926
03191921
03191918
03191906
03191905
03191814
03191813
03191811
03191808
03191804
03191726
03191629
03191626
03191617
03191611
03191607
03191408
03191130
03191124
03191111
03191107
03191030
03191025
03191023
03191020
03191021
03191019
03191018
03191017
03191013
03191010
03191009
03190927
03190912
03190817
03190806
03190729
03190629
03190627
03190622
03190617
03190614
03190608
03190606
03190529
03190526
03190518
03190513
03190507
03190504
03190406
03190316
03190308
03190304
03190229
03190223
03190216
03190208
03190121
03190110
03190109
03190107
03190101
03187
031842
031834
03